element  Z mass    fs    fr  fall     Ns     Nr   Nall
------- -- ---- ----- ----- ----- ------ ------ ------
     Ga 31   69 0.517 0.712 0.601 11.137 11.600 22.737
     Ga 31   71 0.483 0.288 0.399 10.413  4.700 15.113
     Ge 32   70 0.285 0.000 0.138 15.000  0.000 15.000
     Ge 32   72 0.348 0.249 0.297 18.323 14.000 32.323
     Ge 32   73 0.067 0.101 0.085  3.531  5.670  9.201
     Ge 32   74 0.299 0.486 0.396 15.733 27.300 43.033
     Ge 32   76 0.000 0.164 0.085  0.000  9.200  9.200
     As 33   75 1.000 1.000 1.000  1.456  5.330  6.786
     Se 34   76 0.220 0.000 0.076  4.656  0.000  4.656
     Se 34   77 0.079 0.076 0.077  1.679  3.040  4.719
     Se 34   78 0.349 0.179 0.238  7.402  7.210 14.612
     Se 34   80 0.352 0.604 0.517  7.446 24.300 31.746
     Se 34   82 0.000 0.142 0.093  0.000  5.710  5.710
     Br 35   79 0.484 0.000 0.081  0.450  0.000  0.450
     Br 35   81 0.516 1.000 0.919  0.479  4.640  5.119
     Kr 36   80 0.035 0.000 0.020  1.021  0.000  1.021
     Kr 36   82 0.212 0.000 0.119  6.207  0.000  6.207
     Kr 36   83 0.068 0.165 0.110  1.989  3.750  5.739
     Kr 36   84 0.361 0.794 0.550 10.575 18.000 28.575
     Kr 36   86 0.324 0.041 0.200  9.481  0.930 10.411
     Rb 37   85 0.238 0.965 0.601  0.690  2.790  3.480
     Rb 37   87 0.762 0.035 0.399  2.214  0.100  2.314
     Sr 38   86 0.103 0.000 0.091  2.111  0.000  2.111
     Sr 38   87 0.070 0.000 0.062  1.443  0.000  1.443
     Sr 38   88 0.827 1.000 0.846 16.986  2.550 19.536
      Y 39   89 1.000 1.000 1.000  3.344  1.310  4.654
     Zr 40   90 0.523 0.485 0.516  4.529  0.990  5.519
     Zr 40   91 0.134 0.020 0.112  1.158  0.040  1.198
     Zr 40   92 0.149 0.265 0.171  1.289  0.540  1.829
     Zr 40   94 0.195 0.083 0.174  1.687  0.170  1.857
     Zr 40   96 0.000 0.147 0.028  0.000  0.300  0.300
     Nb 41   93 1.000 1.000 1.000  0.229  0.110  0.339
     Mo 42   95 0.142 0.335 0.204  0.189  0.213  0.402
     Mo 42   96 0.356 0.000 0.241  0.475  0.000  0.475
     Mo 42   97 0.117 0.137 0.123  0.156  0.087  0.243
     Mo 42   98 0.385 0.146 0.308  0.514  0.093  0.607
     Mo 42  100 0.000 0.381 0.123  0.000  0.242  0.242
     Ru 44   99 0.081 0.000 0.032  0.049  0.000  0.049
     Ru 44  100 0.402 0.000 0.157  0.242  0.000  0.242
     Ru 44  101 0.083 0.283 0.205  0.050  0.266  0.316
     Ru 44  102 0.434 0.348 0.381  0.261  0.327  0.588
     Ru 44  104 0.000 0.370 0.226  0.000  0.348  0.348
     Rh 45  103 1.000 1.000 1.000  0.055  0.289  0.344
     Pd 46  104 0.267 0.000 0.119  0.165  0.000  0.165
     Pd 46  105 0.065 0.349 0.223  0.040  0.269  0.309
     Pd 46  106 0.301 0.251 0.273  0.186  0.193  0.379
     Pd 46  108 0.366 0.188 0.267  0.226  0.145  0.371
     Pd 46  110 0.000 0.212 0.118  0.000  0.163  0.163
     Ag 47  107 0.496 0.549 0.538  0.058  0.239  0.297
     Ag 47  109 0.504 0.451 0.462  0.059  0.196  0.255
     Cd 48  110 0.233 0.000 0.117  0.178  0.000  0.178
     Cd 48  111 0.055 0.217 0.136  0.042  0.165  0.207
     Cd 48  112 0.259 0.258 0.258  0.198  0.196  0.394
     Cd 48  113 0.078 0.183 0.130  0.060  0.139  0.199
     Cd 48  114 0.375 0.184 0.280  0.287  0.140  0.427
     Cd 48  116 0.000 0.159 0.079  0.000  0.121  0.121
     In 49  115 1.000 1.000 1.000  0.057  0.121  0.178
     Sn 50  116 0.195 0.000 0.151  0.511  0.000  0.511
     Sn 50  117 0.056 0.168 0.081  0.146  0.128  0.274
     Sn 50  118 0.270 0.180 0.250  0.706  0.137  0.843
     Sn 50  119 0.059 0.085 0.065  0.155  0.065  0.220
     Sn 50  120 0.420 0.102 0.348  1.099  0.078  1.177
     Sn 50  122 0.000 0.202 0.046  0.000  0.154  0.154
     Sn 50  124 0.000 0.261 0.059  0.000  0.199  0.199
     Sb 51  121 1.000 0.461 0.548  0.047  0.113  0.160
     Sb 51  123 0.000 0.539 0.452  0.000  0.132  0.132
     Te 52  122 0.138 0.000 0.027  0.133  0.000  0.133
     Te 52  123 0.049 0.000 0.010  0.047  0.000  0.047
     Te 52  124 0.257 0.000 0.050  0.248  0.000  0.248
     Te 52  125 0.091 0.068 0.072  0.088  0.267  0.355
     Te 52  126 0.466 0.133 0.198  0.450  0.525  0.975
     Te 52  128 0.000 0.386 0.310  0.000  1.526  1.526
     Te 52  130 0.000 0.413 0.332  0.000  1.634  1.634
      I 53  127 1.000 1.000 1.000  0.050  0.851  0.901
     Xe 54  128 0.129 0.000 0.029  0.126  0.000  0.126
     Xe 54  129 0.068 0.360 0.296  0.066  1.240  1.306
     Xe 54  130 0.204 0.000 0.045  0.199  0.000  0.199
     Xe 54  131 0.089 0.277 0.236  0.087  0.954  1.041
     Xe 54  132 0.510 0.232 0.294  0.498  0.800  1.298
     Xe 54  134 0.000 0.130 0.102  0.000  0.449  0.449
     Cs 55  133 1.000 1.000 1.000  0.056  0.315  0.371
     Ba 56  134 0.038 0.000 0.033  0.178  0.000  0.178
     Ba 56  135 0.015 0.370 0.067  0.068  0.298  0.366
     Ba 56  136 0.107 0.000 0.091  0.500  0.000  0.500
     Ba 56  137 0.080 0.351 0.120  0.372  0.283  0.655
     Ba 56  138 0.760 0.279 0.689  3.546  0.225  3.771
     La 57  139 1.000 1.000 1.000  0.337  0.110  0.447
     Ce 58  140 1.000 0.436 0.895  0.894  0.089  0.983
     Ce 58  142 0.000 0.564 0.105  0.000  0.115  0.115
     Pr 59  141 1.000 1.000 1.000  0.079  0.082  0.161
     Nd 60  142 0.469 0.000 0.272  0.227  0.000  0.227
     Nd 60  143 0.076 0.185 0.122  0.037  0.065  0.102
     Nd 60  144 0.217 0.267 0.238  0.105  0.094  0.199
     Nd 60  145 0.041 0.139 0.083  0.020  0.049  0.069
     Nd 60  146 0.188 0.151 0.172  0.091  0.053  0.144
     Nd 60  148 0.008 0.125 0.057  0.004  0.044  0.048
     Nd 60  150 0.000 0.134 0.056  0.000  0.047  0.047
     Sm 62  147 0.035 0.178 0.131  0.003  0.031  0.034
     Sm 62  148 0.442 0.000 0.146  0.038  0.000  0.038
     Sm 62  149 0.058 0.178 0.138  0.005  0.031  0.036
     Sm 62  150 0.256 0.000 0.085  0.022  0.000  0.022
     Sm 62  152 0.209 0.305 0.273  0.018  0.053  0.071
     Sm 62  154 0.000 0.339 0.227  0.000  0.059  0.059
     Eu 63  151 0.000 0.467 0.457  0.000  0.042  0.042
     Eu 63  153 1.000 0.533 0.543  0.002  0.048  0.050
     Gd 64  152 0.016 0.000 0.003  0.001  0.000  0.001
     Gd 64  154 0.145 0.000 0.027  0.009  0.000  0.009
     Gd 64  155 0.048 0.163 0.142  0.003  0.045  0.048
     Gd 64  156 0.242 0.199 0.207  0.015  0.055  0.070
     Gd 64  157 0.113 0.167 0.157  0.007  0.046  0.053
     Gd 64  158 0.435 0.210 0.251  0.027  0.058  0.085
     Gd 64  160 0.000 0.261 0.213  0.000  0.072  0.072
     Tb 65  159 1.000 1.000 1.000  0.004  0.060  0.064
     Dy 66  160 0.184 0.000 0.022  0.009  0.000  0.009
     Dy 66  161 0.082 0.208 0.193  0.004  0.075  0.079
     Dy 66  162 0.327 0.281 0.286  0.016  0.101  0.117
     Dy 66  163 0.041 0.258 0.232  0.002  0.093  0.095
     Dy 66  164 0.367 0.253 0.267  0.018  0.091  0.109
     Ho 67  165 1.000 1.000 1.000  0.006  0.083  0.089
     Er 68  164 0.095 0.000 0.016  0.004  0.000  0.004
     Er 68  166 0.286 0.344 0.335  0.012  0.072  0.084
     Er 68  167 0.119 0.254 0.231  0.005  0.053  0.058
     Er 68  168 0.476 0.225 0.267  0.020  0.047  0.067
     Er 68  170 0.024 0.177 0.151  0.001  0.037  0.038
     Tm 69  169 1.000 1.000 1.000  0.006  0.031  0.037
     Yb 70  170 0.079 0.000 0.025  0.006  0.000  0.006
     Yb 70  171 0.053 0.178 0.138  0.004  0.029  0.033
     Yb 70  172 0.237 0.221 0.226  0.018  0.036  0.054
     Yb 70  173 0.105 0.190 0.163  0.008  0.031  0.039
     Yb 70  174 0.526 0.227 0.322  0.040  0.037  0.077
     Yb 70  176 0.000 0.184 0.126  0.000  0.030  0.030
     Lu 71  175 0.750 1.000 0.949  0.006  0.031  0.037
     Lu 71  176 0.250 0.000 0.051  0.002  0.000  0.002
     Hf 72  176 0.105 0.000 0.051  0.008  0.000  0.008
     Hf 72  177 0.066 0.296 0.185  0.005  0.024  0.029
     Hf 72  178 0.276 0.272 0.274  0.021  0.022  0.043
     Hf 72  179 0.092 0.185 0.140  0.007  0.015  0.022
     Hf 72  180 0.461 0.247 0.350  0.035  0.020  0.055
     Ta 73  181 1.000 1.000 1.000  0.009  0.013  0.022
      W 74  182 0.333 0.190 0.267  0.024  0.012  0.036
      W 74  183 0.181 0.111 0.148  0.013  0.007  0.020
      W 74  184 0.403 0.206 0.311  0.029  0.013  0.042
      W 74  186 0.083 0.492 0.274  0.006  0.031  0.037
     Re 75  185 0.800 0.298 0.346  0.004  0.014  0.018
     Re 75  187 0.200 0.702 0.654  0.001  0.033  0.034
     Os 76  186 0.200 0.000 0.017  0.012  0.000  0.012
     Os 76  187 0.100 0.000 0.008  0.006  0.000  0.006
     Os 76  188 0.267 0.121 0.134  0.016  0.079  0.095
     Os 76  189 0.067 0.171 0.162  0.004  0.111  0.115
     Os 76  190 0.350 0.258 0.266  0.021  0.168  0.189
     Os 76  192 0.017 0.450 0.414  0.001  0.293  0.294
     Ir 77  191 0.625 0.371 0.374  0.005  0.241  0.246
     Ir 77  193 0.375 0.629 0.626  0.003  0.408  0.411
     Pt 78  192 0.141 0.000 0.007  0.010  0.000  0.010
     Pt 78  194 0.282 0.332 0.329  0.020  0.431  0.451
     Pt 78  195 0.085 0.352 0.338  0.006  0.457  0.463
     Pt 78  196 0.493 0.240 0.253  0.035  0.312  0.347
     Pt 78  198 0.000 0.076 0.072  0.000  0.099  0.099
     Au 79  197 1.000 1.000 1.000  0.010  0.176  0.186
     Hg 80  198 0.174 0.000 0.101  0.035  0.000  0.035
     Hg 80  199 0.080 0.295 0.170  0.016  0.043  0.059
     Hg 80  200 0.254 0.205 0.233  0.051  0.030  0.081
     Hg 80  201 0.100 0.185 0.135  0.020  0.027  0.047
     Hg 80  202 0.393 0.178 0.303  0.079  0.026  0.105
     Hg 80  204 0.000 0.137 0.058  0.000  0.020  0.020
     Tl 81  203 0.412 0.226 0.348  0.042  0.012  0.054
     Tl 81  205 0.588 0.774 0.652  0.060  0.041  0.101
     Pb 82  204 0.025 0.000 0.020  0.057  0.000  0.057
     Pb 82  206 0.143 0.359 0.189  0.326  0.223  0.549
     Pb 82  207 0.137 0.451 0.204  0.313  0.280  0.593
     Pb 82  208 0.695 0.190 0.587  1.587  0.118  1.705
     Bi 83  209 1.000 1.000 1.000  0.051  0.093  0.144
     Th 90  232   nan 1.000 1.000  0.000  0.042  0.042
      U 92  235   nan 0.231 0.231  0.000  0.006  0.006
      U 92  238   nan 0.769 0.769  0.000  0.020  0.020
